1000
73 32 97
35 68 35
3 19 75
41 58 27
72 21 28
84 1 80
54 69 77
1 23 57
15 14 85
37 87 64
80 74 70
14 72 37
85 16 71
51 36 99
53 46 81
34 10 100
20 18 1
34 21 80
36 61 83
41 85 37
84 98 25
34 26 6
70 57 74
33 39 73
18 13 17
0 15 62
12 33 57
46 74 16
70 87 37
49 97 30
70 29 55
14 10 10
91 59 33
93 24 72
35 16 42
79 69 11
32 96 39
40 9 35
91 77 63
14 65 87
69 62 92
33 36 11
99 41 62
85 71 33
94 13 95
64 70 73
22 2 57
83 89 31
94 54 91
42 4 54
93 37 34
50 22 39
36 12 28
84 30 23
33 60 68
85 96 27
61 30 32
44 7 12
68 76 65
13 78 5
93 81 97
66 96 69
68 63 40
81 40 43
23 1 19
24 26 19
47 66 68
83 45 78
30 64 33
74 77 38
16 66 96
27 23 72
87 37 36
45 58 33
11 45 47
91 41 56
86 14 22
36 60 91
7 33 36
38 4 1
39 39 55
85 73 67
5 42 25
100 31 47
75 96 31
41 5 75
42 35 78
28 16 5
97 24 78
100 66 13
81 88 84
52 71 59
100 87 47
23 8 13
92 3 36
37 73 10
1 42 57
41 98 74
98 69 74
46 18 82
40 5 31
16 81 32
54 31 99
13 9 38
63 42 23
83 83 38
70 93 6
27 63 72
93 94 28
87 40 57
36 87 6
86 98 75
85 74 65
59 75 48
64 38 29
10 33 21
8 61 3
59 60 85
28 9 52
61 29 41
42 91 58
53 22 1
56 1 93
11 45 87
34 67 6
28 43 83
47 71 80
96 67 6
58 63 62
58 16 65
38 18 74
91 48 60
63 18 95
66 30 100
16 5 23
12 24 3
100 66 7
65 91 93
100 39 9
25 65 34
86 23 47
2 67 55
56 44 57
0 53 42
11 99 92
75 53 41
1 28 70
20 60 5
39 62 100
72 96 80
67 73 45
84 75 56
18 61 15
82 42 37
54 98 4
28 100 1
31 37 19
72 73 82
63 73 6
3 8 88
79 40 83
56 87 92
75 93 5
79 26 26
59 30 79
45 83 96
13 94 70
95 85 81
63 93 100
45 61 96
67 1 56
10 9 17
37 92 57
49 79 11
81 3 94
65 34 26
23 35 44
32 38 20
89 11 13
26 54 1
89 37 94
90 72 20
79 48 76
53 92 12
93 8 68
14 46 40
5 47 9
27 6 1
51 65 58
83 39 80
7 52 70
99 97 98
4 45 66
45 39 23
84 93 54
15 12 1
18 22 25
69 11 77
24 60 67
29 42 62
50 22 62
99 99 99
19 61 77
12 88 91
70 67 75
82 28 71
53 3 4
41 12 92
85 68 41
46 4 73
63 38 11
90 24 63
15 100 82
56 92 59
13 42 34
52 68 7
21 6 39
91 88 3
32 47 87
49 47 74
19 67 40
59 98 12
39 5 87
4 1 83
18 56 55
47 66 45
87 63 16
52 79 8
52 96 17
84 90 42
15 87 67
20 46 63
36 17 39
93 62 88
78 53 78
81 38 43
29 75 87
23 74 80
19 71 93
21 26 87
84 63 23
12 72 83
86 15 32
7 13 96
66 75 25
61 9 64
27 97 67
75 56 53
28 46 55
1 81 66
41 35 64
27 69 53
55 47 53
19 54 59
43 82 22
10 38 38
42 12 84
45 4 63
88 17 98
33 61 4
40 32 40
21 81 30
24 81 77
71 81 41
22 45 39
24 100 35
22 20 89
32 10 75
93 26 48
75 52 73
37 77 96
85 93 63
56 82 23
68 23 60
78 12 41
16 20 13
50 82 26
50 96 59
76 27 10
0 99 43
38 96 19
17 32 44
99 13 4
52 56 84
75 28 25
100 35 40
11 73 54
14 30 25
25 93 2
98 41 60
30 61 23
4 38 5
26 91 40
28 88 81
55 2 71
56 30 6
15 74 4
68 6 13
91 35 47
3 31 48
100 91 18
17 55 29
99 62 71
61 95 87
43 89 76
82 77 39
82 79 96
35 55 63
29 81 85
36 42 44
45 94 28
77 31 9
94 73 33
96 23 79
28 13 37
48 38 28
98 4 46
5 92 68
21 88 44
97 10 91
86 75 33
34 27 91
58 20 9
80 15 95
92 33 47
8 13 21
87 15 84
79 70 92
49 43 41
65 69 32
80 60 28
91 24 30
8 92 17
75 18 61
65 46 89
54 84 77
58 20 22
50 66 61
57 58 89
51 82 15
46 65 73
89 21 73
92 100 81
22 75 38
55 94 47
93 5 46
31 30 58
87 20 40
61 18 70
38 87 35
63 75 34
89 80 48
80 94 17
27 61 19
96 44 13
91 10 23
34 72 75
21 57 20
96 31 25
47 1 94
28 74 83
72 9 77
7 56 41
90 76 61
56 43 8
15 19 12
41 48 10
74 32 16
11 97 8
13 15 91
31 47 82
19 7 99
7 34 65
67 23 25
70 35 40
77 89 85
21 28 21
65 42 19
100 18 7
17 17 24
59 31 96
57 26 71
53 86 23
80 53 38
21 61 42
80 22 42
57 66 7
74 13 7
30 44 90
96 10 58
16 10 4
93 92 92
57 76 70
5 97 10
92 82 14
7 13 7
19 95 1
31 11 66
45 38 11
45 54 78
98 85 64
62 18 5
96 33 27
58 90 100
49 86 5
75 36 52
23 60 91
77 97 48
41 9 44
1 55 20
31 57 62
56 48 75
78 13 34
0 34 29
82 86 16
49 78 52
57 41 42
27 65 77
85 67 94
13 55 55
52 69 42
6 56 93
81 64 70
20 2 14
35 29 87
73 44 1
34 72 48
92 67 54
79 7 62
21 53 4
65 77 89
95 61 13
82 87 30
92 10 71
44 62 13
70 70 72
39 42 75
49 35 2
35 71 80
74 27 60
62 86 17
87 28 17
7 21 17
8 7 32
97 58 73
79 13 6
31 90 6
37 43 86
73 60 73
38 92 85
4 95 82
15 27 85
61 88 67
12 8 16
33 55 85
100 31 11
39 72 57
59 83 100
57 14 13
12 3 26
32 46 61
83 98 82
8 88 1
67 10 77
59 75 32
94 30 1
89 48 41
83 15 78
71 75 25
29 21 89
67 45 63
92 40 17
34 78 21
32 27 27
10 34 82
40 31 94
97 40 45
33 12 86
20 56 69
23 5 33
90 69 60
52 37 89
60 81 83
100 6 94
39 43 22
13 35 36
9 77 77
20 71 63
58 27 76
73 9 85
4 57 29
52 44 12
22 97 31
4 62 87
89 80 24
44 19 7
98 55 70
45 19 56
89 8 11
93 6 84
96 97 9
78 92 39
69 96 28
51 39 32
32 71 93
47 25 9
20 56 46
75 69 6
2 86 38
76 7 28
94 30 5
52 20 71
30 94 18
100 61 33
61 12 61
10 28 72
22 21 46
62 57 13
14 12 58
91 5 25
5 34 58
59 96 91
97 81 53
54 53 91
57 38 52
63 97 5
98 22 42
0 89 69
79 6 20
6 53 79
53 70 66
32 81 7
63 74 95
92 80 87
88 93 40
55 55 17
80 46 30
5 20 37
71 59 9
72 68 30
34 15 71
57 92 78
74 86 67
61 11 97
30 86 56
87 37 94
81 45 30
100 63 3
55 80 45
97 96 54
91 2 11
79 4 33
37 87 8
75 97 39
33 34 86
4 90 64
14 84 31
44 35 57
2 98 62
87 63 13
49 18 95
100 91 42
83 56 97
41 67 73
90 77 46
30 25 5
67 12 75
2 93 86
34 98 65
23 79 47
57 53 73
83 53 23
67 19 16
8 87 8
37 54 52
9 67 98
4 99 54
99 58 92
34 44 91
87 47 83
56 6 32
90 78 19
11 5 82
77 88 1
51 16 84
19 38 41
100 70 91
7 62 58
25 74 22
70 100 38
66 22 24
38 68 94
84 48 1
66 43 12
59 46 2
93 28 75
31 9 89
23 7 3
38 55 3
22 4 96
94 41 86
33 84 61
25 12 74
48 52 2
33 17 14
10 36 76
42 58 87
64 16 62
46 60 87
55 48 15
18 18 95
1 7 59
53 89 74
61 11 30
17 63 22
29 11 42
75 9 23
30 57 67
79 8 72
54 28 31
17 73 94
84 79 64
86 82 81
16 97 9
67 14 93
6 74 32
73 35 23
97 37 34
91 10 57
28 44 77
98 96 13
17 31 57
57 98 14
52 79 95
100 68 14
16 11 38
48 62 3
78 56 13
100 28 10
91 25 16
53 85 73
7 83 47
24 1 68
98 57 37
71 83 38
79 94 60
100 23 20
1 12 64
42 8 52
67 89 59
13 69 20
41 31 52
72 53 57
11 30 40
45 58 69
93 79 38
25 76 48
47 27 8
75 76 37
87 5 14
13 17 1
82 97 70
73 81 29
33 20 79
88 64 68
39 94 64
84 5 4
0 54 4
2 72 59
10 22 55
37 2 41
9 67 78
94 30 67
22 34 52
5 100 52
54 12 86
43 81 99
95 11 94
87 21 91
45 24 7
30 74 67
65 19 26
10 72 100
44 31 91
18 89 10
66 16 67
54 28 35
90 67 82
28 12 87
59 82 94
43 97 35
29 21 13
23 7 39
66 15 25
2 94 46
21 63 84
30 9 85
48 100 7
21 1 14
94 7 87
99 8 47
44 60 67
46 71 15
35 55 45
14 98 61
96 55 72
29 90 66
20 11 46
51 26 61
84 98 55
46 26 68
37 59 59
67 45 84
5 4 81
55 58 79
12 55 55
62 48 83
78 3 72
17 24 45
45 24 72
42 67 14
79 74 13
20 39 43
8 2 87
32 74 85
94 62 11
93 85 66
16 35 59
76 70 22
24 57 9
36 93 63
14 19 22
5 19 45
34 29 37
18 69 54
24 24 77
84 79 48
2 64 93
98 29 77
87 22 56
75 83 75
98 87 25
82 65 54
60 29 94
57 85 91
37 33 85
51 7 31
47 27 41
50 95 41
50 27 13
11 69 57
96 28 17
47 39 84
100 91 95
65 18 82
94 24 53
34 92 25
3 83 27
4 47 1
80 25 64
7 55 65
57 28 81
83 62 4
76 10 62
55 84 13
22 89 58
15 48 19
77 61 9
7 54 41
84 38 75
44 71 96
84 70 75
54 70 59
27 5 38
32 14 83
95 44 79
79 46 84
16 93 89
82 47 46
79 91 11
6 90 7
31 86 25
75 30 25
31 15 100
80 78 67
40 76 92
42 33 8
48 100 27
1 69 27
12 71 89
61 11 61
34 64 3
3 40 45
23 17 75
88 40 84
26 4 85
95 92 84
47 68 48
19 32 19
85 84 21
0 20 21
98 31 67
29 2 60
98 39 27
52 22 97
24 8 15
52 58 41
82 93 96
10 55 4
82 20 52
95 88 7
2 20 12
99 3 95
25 25 97
27 23 13
26 2 42
30 17 52
47 85 3
30 5 55
100 84 31
29 35 24
88 17 100
54 93 10
0 10 42
7 55 85
46 69 58
100 98 41
45 3 87
31 83 25
48 48 69
77 23 24
46 100 56
2 100 54
65 77 35
28 1 34
44 27 57
4 80 61
20 46 39
17 36 76
72 45 65
10 34 81
42 25 39
58 36 22
20 62 88
35 99 22
61 87 41
31 3 8
26 57 61
10 22 75
10 55 27
3 75 98
1 94 5
46 60 37
37 24 17
34 92 69
8 59 6
90 14 81
31 8 81
95 53 33
52 71 98
48 64 69
68 88 5
70 88 73
70 91 100
61 71 58
91 61 19
88 5 55
6 23 99
37 13 100
81 53 85
41 87 80
85 85 34
77 89 75
49 42 78
83 27 46
51 16 83
58 12 24
39 62 19
14 78 60
42 93 63
77 28 9
1 23 28
19 8 1
0 65 91
88 56 9
52 27 39
6 90 18
60 4 61
15 70 53
35 43 32
23 68 11
28 58 46
22 64 65
15 73 20
77 67 94
8 61 41
51 9 46
10 33 33
13 21 19
84 24 17
16 58 27
87 78 17
97 82 93
74 92 31
28 53 36
4 47 5
65 83 43
89 84 47
76 41 73
5 66 37
21 66 14
19 78 93
45 39 5
54 8 62
67 60 11
68 82 88
18 75 8
2 1 3
77 76 20
53 61 85
57 75 37
8 47 90
28 62 38
97 76 47
21 99 3
67 83 21
13 64 42
35 73 75
6 74 68
92 38 94
14 81 78
44 5 97
6 68 91
97 16 13
94 75 65
60 68 69
10 87 38
35 22 38
12 59 63
1 52 5
10 67 92
33 18 17
41 62 75
37 65 24
14 89 2
76 78 55
54 99 95
89 42 1
20 94 40
66 69 9
24 66 29
43 47 33
46 25 23
52 23 15
79 12 10
87 66 72
35 57 4
22 41 17
78 28 15
12 85 59
5 47 66
24 84 57
60 34 72
10 86 69
80 2 41
71 28 11
5 36 8
15 81 62
55 93 15
38 4 40
71 75 75
8 3 76
44 52 32
45 12 15
51 32 31
62 44 84
77 46 25
35 9 73
54 7 5
95 82 27
13 15 75
17 52 13
6 27 73
25 43 87
23 21 97
50 45 96
39 62 18
67 48 15
31 10 68
6 10 20
23 58 58
100 1 1
0 55 55
12 25 45
16 54 82
74 83 52
95 85 18
18 28 91
47 92 81
19 25 7
