1000
34 68 35
21 57 20
100 23 20
74 32 16
91 86 25
77 83 32
31 32 20
78 13 34
72 96 80
70 35 42
7 52 33
19 32 19
60 4 61
82 97 70
73 41 26
83 25 47
72 82 11
17 31 57
16 74 2
36 17 39
70 57 74
55 4 97
13 78 5
17 78 67
33 70 76
43 41 16
98 6 75
8 31 78
95 23 15
93 85 66
28 46 55
12 39 71
61 55 7
12 25 45
85 7 21
100 54 94
85 33 65
11 72 92
21 66 14
97 81 53
37 77 96
17 36 76
25 18 17
47 68 48
96 10 58
95 92 84
16 12 2
13 45 52
91 61 19
80 25 64
50 27 13
94 24 53
73 79 96
34 59 57
97 82 93
32 43 54
31 86 25
95 29 87
21 28 21
37 21 1
12 9 17
59 46 2
63 38 11
20 14 88
60 87 90
80 53 38
31 40 41
14 60 30
17 46 54
85 85 71
61 65 100
89 99 82
74 86 67
57 14 13
97 96 54
52 79 95
34 78 21
44 52 32
17 8 18
12 55 55
83 77 98
24 57 9
99 91 5
34 98 65
67 5 11
32 81 7
94 75 65
93 40 71
72 84 72
39 62 100
36 98 27
50 78 61
82 20 52
84 58 8
41 58 27
100 6 31
13 9 38
47 8 15
19 13 36
78 100 69
42 93 63
96 46 59
82 56 91
10 5 43
90 77 46
71 75 75
80 2 41
54 99 95
38 86 11
46 59 25
83 41 63
52 60 75
8 59 6
19 87 86
77 31 9
5 21 40
6 12 13
100 47 93
43 44 59
90 37 82
82 32 14
6 27 73
39 68 98
15 14 85
80 70 89
31 46 91
54 28 31
5 20 37
99 70 86
83 88 33
88 40 84
83 83 38
80 46 30
44 7 12
2 100 54
59 30 95
73 94 6
97 14 17
32 96 39
97 76 47
12 24 3
28 9 52
67 23 25
26 4 85
0 99 43
0 55 55
89 42 1
47 52 75
55 82 21
60 81 24
24 66 29
72 98 89
12 3 26
23 17 75
91 9 77
99 92 73
38 13 25
12 33 57
62 86 17
47 92 81
34 44 71
54 84 77
41 87 80
49 86 5
57 28 81
17 26 74
74 27 60
75 18 15
39 68 89
5 42 25
1 13 64
86 14 22
3 22 39
59 75 48
93 91 57
47 66 68
86 54 55
69 74 98
78 23 25
87 47 83
57 66 7
38 91 22
99 60 89
48 46 58
2 48 25
84 38 75
85 74 65
27 23 13
45 12 15
68 23 60
57 58 89
93 73 82
22 42 25
81 64 70
81 64 71
3 66 73
12 83 57
60 68 69
96 23 25
73 5 80
6 36 66
37 17 62
52 37 89
6 54 76
67 7 97
57 27 68
95 59 36
36 65 62
76 47 70
16 58 27
43 24 79
72 73 82
13 42 34
77 76 20
79 87 63
92 7 98
35 64 17
6 74 68
24 98 37
0 65 91
61 11 30
92 31 9
84 24 17
1 22 6
100 98 41
22 97 31
1 87 71
33 61 4
77 67 94
16 58 42
29 81 85
11 83 30
53 90 67
15 28 37
2 57 53
97 44 64
30 5 55
32 46 61
79 20 6
99 26 64
2 72 59
77 41 62
97 40 88
49 37 81
68 63 40
83 15 78
77 89 75
100 70 91
29 94 95
28 95 98
25 24 95
60 2 68
70 16 5
0 53 42
48 64 69
49 73 97
37 65 24
54 69 77
55 94 1
23 79 47
16 66 92
57 75 37
4 17 11
75 18 61
66 98 21
56 91 37
20 41 6
57 38 52
42 58 87
80 78 67
19 38 41
43 72 63
7 62 58
5 47 66
61 6 25
2 21 41
17 42 4
35 16 42
65 70 12
58 85 42
24 29 11
33 34 86
99 13 4
51 34 61
66 96 69
39 62 18
31 9 89
32 38 20
53 89 74
5 95 26
100 89 76
9 78 90
58 36 22
78 12 41
16 96 54
33 44 96
70 70 72
9 77 77
51 39 32
75 12 4
66 75 25
23 3 100
49 34 10
31 11 98
71 59 9
100 91 95
23 24 41
82 87 30
20 73 91
81 45 30
93 81 97
51 61 95
74 32 14
26 7 46
84 63 8
54 8 62
88 45 37
33 6 28
91 74 34
74 29 63
77 97 48
100 45 18
2 76 15
89 86 90
45 4 63
38 42 11
36 60 91
16 79 40
59 19 85
61 95 87
22 14 70
76 82 99
37 43 86
15 19 12
0 2 42
19 41 36
84 53 47
91 63 85
54 28 35
6 97 77
60 100 78
19 78 93
13 98 74
100 91 18
2 64 93
47 66 45
59 72 79
79 74 13
48 55 54
46 4 73
82 24 95
85 84 21
75 71 84
34 38 11
26 91 40
77 18 99
95 11 94
31 30 58
95 85 18
8 90 85
77 89 85
61 11 61
30 17 52
77 46 98
44 33 42
13 47 81
7 72 10
84 90 1
55 83 24
78 22 46
62 24 38
28 95 81
76 9 32
99 58 92
20 56 46
21 99 3
48 77 79
8 47 90
56 87 92
13 66 1
95 88 7
69 91 72
18 18 95
47 32 85
40 87 59
19 32 69
14 19 22
79 6 30
45 24 7
44 5 97
99 8 47
90 67 82
82 47 46
38 92 85
89 37 94
41 26 27
79 8 72
73 43 35
19 71 93
88 98 52
67 45 84
33 69 55
89 80 48
91 54 60
14 81 78
83 62 4
92 55 47
75 23 60
5 74 9
98 23 27
10 28 72
58 99 46
17 89 70
79 31 94
11 10 80
67 60 99
100 33 89
87 15 84
4 38 5
7 33 36
79 69 11
9 100 8
1 42 57
82 19 81
7 13 96
42 4 54
16 88 96
81 16 88
84 32 46
77 83 58
25 55 35
4 79 33
27 61 19
58 91 89
31 83 25
99 97 98
25 17 18
38 55 3
20 60 75
84 30 23
69 96 28
4 45 66
59 78 24
0 92 67
30 64 33
2 35 88
61 88 67
65 39 45
27 97 67
95 95 17
88 5 55
1 81 66
64 15 25
79 46 84
26 2 42
87 63 13
46 74 16
30 9 85
33 18 17
81 69 83
92 82 14
91 88 3
52 58 41
23 70 19
54 98 4
47 27 41
25 65 34
98 4 46
56 61 7
19 95 1
49 48 55
78 71 68
36 12 28
63 4 15
79 100 64
84 1 80
81 53 85
46 69 58
81 30 41
84 74 99
95 22 15
55 12 25
20 56 69
91 5 25
100 27 67
97 16 13
16 39 79
32 68 96
51 26 61
77 65 16
53 6 61
72 69 8
67 60 11
97 37 34
76 10 62
82 86 16
83 77 15
78 92 39
94 53 82
57 10 21
46 26 68
22 54 16
81 40 43
29 2 60
22 88 73
58 90 100
30 83 16
67 88 33
0 30 70
10 34 81
28 2 36
18 57 73
61 38 36
13 94 70
97 87 65
63 73 6
76 78 55
36 67 58
14 46 40
71 8 8
6 57 10
71 83 38
21 53 4
67 14 93
8 78 93
93 62 100
48 100 7
50 58 100
24 81 77
16 54 82
4 42 74
0 33 60
46 38 10
94 20 21
96 100 18
60 29 94
48 69 67
50 22 86
31 8 81
42 73 40
56 48 75
100 91 42
7 95 21
98 28 93
35 68 35
33 29 79
65 18 82
44 60 67
38 18 100
66 25 14
31 3 8
10 33 21
44 71 96
7 55 65
46 25 23
67 58 20
8 100 13
67 73 45
37 92 57
58 12 24
48 39 20
44 95 98
7 52 70
37 13 100
51 7 31
34 67 6
82 89 7
16 86 48
31 9 91
38 10 22
18 28 91
88 56 9
6 90 18
75 46 17
30 25 5
28 11 21
6 56 93
31 20 6
30 57 67
12 72 83
98 69 74
0 44 99
7 13 7
67 89 59
74 98 45
52 27 39
29 16 45
40 29 7
84 79 48
28 13 37
66 92 12
54 73 68
56 82 23
6 23 99
5 66 37
15 81 30
33 39 73
35 71 80
64 20 30
56 84 29
62 17 79
99 99 99
7 84 22
73 29 39
40 76 92
7 55 85
74 13 7
28 100 1
3 89 85
75 69 6
93 6 84
57 52 31
1 74 53
41 88 72
12 7 78
99 35 58
36 98 30
95 82 27
88 58 41
23 8 13
28 75 45
95 24 55
73 44 1
98 39 27
87 63 16
87 40 57
76 45 72
94 41 86
52 71 98
27 6 1
63 93 100
53 100 79
33 12 86
42 25 39
82 93 96
54 31 99
36 41 40
80 60 28
61 12 61
87 37 39
39 85 37
21 63 84
44 68 69
11 99 88
59 22 76
25 40 82
68 82 88
2 42 20
18 66 28
28 96 15
82 65 54
2 1 3
26 63 84
69 96 3
43 81 99
80 74 70
66 17 16
50 91 58
93 54 6
8 61 41
54 84 33
32 47 87
88 76 98
46 54 18
68 31 60
41 48 10
28 14 70
16 15 64
86 7 52
42 67 14
24 84 57
67 12 75
55 80 45
82 45 77
13 64 55
23 36 86
74 73 98
16 48 34
97 61 94
36 54 38
42 63 85
24 89 95
84 98 25
86 75 33
33 58 9
6 45 79
44 4 23
10 72 100
63 97 5
75 33 74
62 67 78
86 92 88
4 47 5
15 29 66
89 41 20
40 9 35
0 32 79
96 23 79
4 99 54
84 58 56
2 93 86
86 82 81
48 62 3
45 83 96
74 86 76
17 32 44
96 2 72
62 18 5
52 90 42
59 30 79
4 84 60
52 44 12
1 97 39
3 53 40
10 87 38
87 20 40
17 2 33
25 61 69
56 43 8
94 11 37
79 94 60
42 91 58
49 78 52
63 90 6
16 20 69
21 88 44
34 26 6
98 87 25
59 60 85
98 85 38
12 88 91
71 86 34
94 30 5
22 89 58
73 81 29
78 31 43
76 23 47
16 20 13
100 66 7
28 1 34
47 74 14
85 13 84
98 96 13
64 76 28
73 91 41
10 38 38
38 4 40
88 93 40
80 80 99
22 2 57
4 57 29
37 87 8
81 4 75
2 94 46
10 22 55
65 83 43
60 52 78
61 34 14
63 43 23
57 92 78
31 80 31
84 63 23
74 77 38
10 9 17
34 10 100
9 70 2
7 29 86
71 28 11
43 99 74
66 90 100
66 30 100
34 78 66
42 12 84
97 69 86
44 26 6
50 82 26
42 67 86
100 1 1
67 67 62
100 84 72
52 29 5
54 12 86
47 12 95
60 81 83
67 45 63
18 75 8
2 20 12
79 70 92
81 13 32
97 10 17
84 75 56
52 68 11
61 89 91
40 29 19
58 20 22
73 81 87
98 80 87
82 94 57
47 39 84
82 42 37
93 61 47
28 89 30
32 14 83
27 5 38
14 12 58
19 25 7
25 47 39
36 69 53
72 83 63
60 98 27
76 27 10
32 15 55
74 35 91
53 86 23
63 18 95
55 77 36
96 46 9
64 88 26
42 35 78
54 72 3
16 10 4
24 64 84
90 14 81
33 55 85
57 76 73
30 94 18
24 60 67
50 69 97
53 46 81
96 74 56
39 5 38
76 41 73
100 60 84
35 29 87
49 22 17
26 57 61
30 74 67
89 84 47
83 81 21
63 74 95
14 36 81
35 87 31
50 95 41
38 96 19
65 77 35
48 16 37
93 79 38
97 24 78
52 23 15
77 88 1
91 2 11
4 99 34
34 72 75
25 12 74
34 29 29
33 17 14
95 11 94
32 74 85
5 47 9
87 78 17
22 75 38
85 73 70
23 7 3
23 34 79
37 62 67
50 20 90
66 15 25
75 55 81
58 86 97
75 93 5
3 19 75
41 62 75
70 35 40
43 19 26
25 43 2
5 19 45
31 9 97
21 84 62
7 68 97
7 34 65
67 77 35
94 6 97
14 84 31
100 90 10
72 15 93
17 69 21
56 44 57
30 61 23
61 58 61
58 58 81
78 3 72
44 27 57
82 47 30
20 39 43
5 77 3
52 27 3
11 99 92
93 26 48
19 77 72
96 80 66
37 3 58
17 53 33
100 31 47
92 40 17
41 5 75
57 71 100
73 67 79
12 100 82
16 43 68
42 33 100
23 7 39
81 88 84
78 21 43
19 67 40
28 37 95
49 47 74
8 88 1
48 21 33
3 82 67
87 70 20
91 48 60
33 35 34
22 84 76
13 55 55
87 57 12
17 17 24
35 9 73
61 87 41
36 4 21
4 1 83
51 9 46
85 86 56
28 12 87
53 5 47
15 12 1
84 71 12
57 61 15
49 2 81
78 28 15
21 17 22
93 28 75
49 35 2
8 2 87
66 43 12
90 69 64
66 69 9
84 40 70
12 72 15
55 71 46
13 17 1
29 42 62
35 35 60
31 43 35
98 57 37
48 59 23
75 37 68
49 32 95
7 78 53
5 98 52
53 48 96
14 78 60
71 87 7
32 98 7
47 53 21
34 92 25
84 5 4
52 72 19
99 77 4
39 94 64
8 34 45
62 44 84
67 48 15
52 36 12
53 61 85
65 34 26
28 81 52
0 15 62
67 83 21
80 5 56
73 4 82
98 29 77
83 21 71
3 38 18
46 100 80
8 64 34
61 29 41
52 56 84
23 1 19
5 4 81
97 18 34
46 13 67
55 84 13
19 80 12
14 63 94
41 31 52
97 83 99
29 90 66
77 75 53
78 84 95
0 27 62
