30
6
5 2 4 6 3 1
6
2 4 8 16 32 64
3
1 1 1
3
200000 200000 200000
200
18991 49540 189553 168471 78317 141279 163703 171658 189875 24590 97505 108819 81645 72390 195776 106883 184812 3243 122523 42981 110199 150869 160369 79835 56233 156270 34206 81120 37065 191869 108130 62346 32720 187686 44844 21049 42902 24966 32777 40751 2899 176839 141415 101802 39698 64178 119487 197717 34799 199824 156937 159570 172683 163492 173530 11310 162188 33427 123357 44092 116649 144452 182596 44152 104481 183198 105963 171324 29772 177110 134205 170027 96639 27929 123192 124119 64524 170214 109840 150122 57298 60321 168329 156117 85852 20673 185754 63447 76954 962 160870 199400 159813 36061 26792 190094 94974 101873 170553 26462 157556 30341 18488 155875 105829 171195 168897 69624 65328 34331 74457 113514 170791 148827 59441 62137 93860 6453 177245 50415 93208 158797 169820 3465 158915 78451 121754 129482 45580 83274 75611 73651 196368 55940 32294 13344 80140 64084 97836 20279 47883 67513 89857 5567 12976 197181 38168 198284 119709 84690 21423 91932 44838 87434 92435 136813 68492 198783 132350 124575 41631 193199 168899 88344 165835 14162 106737 5155 19410 8932 63790 117365 53998 178983 34889 169512 178013 5509 157772 8186 86405 124687 189618 157622 90092 55211 124993 174354 18354 114907 87230 175818 126314 97365 187 56620 163433 26609 36924 6937
200
0 0 0 0 0 0 0 0 0 0 0 0 0 0 0 0 0 0 0 0 0 0 0 0 0 0 0 0 0 0 0 0 0 0 0 0 0 0 0 0 0 0 0 0 0 0 0 0 0 0 0 0 0 0 0 0 0 0 0 0 0 0 0 0 0 0 0 0 0 0 0 0 0 0 0 0 0 0 0 0 0 0 0 0 0 0 0 0 0 0 0 0 0 0 0 0 0 0 0 0 72787 102475 708 150477 51392 90740 48464 104831 47140 85110 83766 4160 10164 9584 136854 37110 94261 93342 66592 16393 195040 112532 144066 2245 126290 5602 122287 72872 29913 170826 33429 105573 19040 10008 5877 145846 53917 31478 105909 51708 172360 184832 178857 97928 136852 193195 48095 112875 174481 114056 65123 122024 60887 29566 69036 186715 175352 83743 187164 36512 196662 29676 23486 10644 192050 177740 78267 169848 116579 141385 104186 189129 77785 137366 21317 145232 20240 110386 128408 126594 109189 75545 99337 14845 139212 40533 95594 58666 87683 149718 186259 187634 19702 95522 31742 91253 117204 154954 6282 39752
200
119944 117711 22330 107503 26477 135256 103356 72094 34771 56776 55719 10570 50887 12533 64024 48924 34126 16459 131224 128781 24430 117613 28967 147976 113076 78874 38041 106784 104796 19880 95708 23572 120416 92016 64184 30956 65424 64206 12180 58638 14442 73776 56376 39324 18966 10528 10332 1960 9436 2324 11872 9072 6328 3052 1128 1107 210 1011 249 1272 972 678 327 111672 109593 20790 100089 24651 125928 96228 67122 32373 104152 102213 19390 93349 22991 117448 89748 62602 30193 319 151 349 284 174 28 3 297 277 376 369 70 337 83 424 324 226 109 181846 113708 13969 39014 45095 114417 115743 110997 130364 142589 11417 163963 142711 193011 395 137689 110108 27077 136313 56325 72249 161959 147729 84172 161786 104741 160783 107840 192399 20995 45246 137979 131854 193385 189371 158 16368 93801 182915 186140 63416 114878 151012 104593 8831 161292 74842 136061 142416 69894 172302 173396 88345 137453 102265 60249 46148 44099 72628 136646 28213 123291 23190 84247 38488 16943 171308 123793 29820 121251 77877 75150 62292 163355 169122 99654 62493 180375 26567 60507 17841 25957 7256 193803 46663 84746 83600 97151 133527 5556 183504 35978 126023 54230 161145 121559 28754 50476 49109 189680 53623
200
0 1 0 1 0 1 0 0 1 0 1 0 1 1 0 1 0 0 0 1 1 1 0 0 1 0 1 1 1 0 1 1 0 0 0 0 0 1 0 0 0 0 1 0 0 1 0 0 1 1 0 0 0 0 1 0 1 0 1 1 0 0 1 0 1 1 0 0 0 1 1 0 0 1 1 0 1 1 0 1 0 0 1 0 1 0 0 1 0 0 0 0 1 1 0 1 1 0 0 0 1 1 1 0 1 0 1 0 0 0 1 1 0 1 1 0 0 0 0 0 0 0 0 1 0 0 1 0 0 1 1 0 1 1 1 0 1 1 1 0 1 1 1 1 1 1 0 0 1 1 0 0 1 1 1 1 0 0 0 0 1 0 1 1 0 1 0 0 1 1 0 0 1 1 0 1 0 0 1 1 1 1 1 1 0 0 0 1 0 1 0 1 1 1 1 1 0 1 0 0
200
39153 13893 183977 99777 147771 33259 4631 174294 43363 4631 68202 842 71149 16833 5973 79097 42897 63531 14299 1991 74934 18643 1991 29322 362 30589 16182 5742 76038 41238 61074 13746 1914 72036 17922 1914 28188 348 29406 13020 4620 61180 33180 49140 11060 1540 57960 14420 1540 22680 280 23660 4743 1683 22287 12087 17901 4029 561 21114 5253 561 8262 102 8619 22971 8151 107939 58539 86697 19513 2717 102258 25441 2717 40014 494 41743 7440 2640 34960 18960 28080 6320 880 33120 8240 880 12960 160 13520 39711 14091 186599 101199 149877 33733 4697 176778 43981 4697 69174 854 72163 11718 4158 55062 29862 44226 9954 1386 52164 12978 1386 20412 252 21294 11904 4224 55936 30336 44928 10112 1408 52992 13184 1408 20736 256 21632 17949 6369 84341 45741 67743 15247 2123 79902 19879 2123 31266 386 32617 34317 12177 161253 87453 129519 29151 4059 152766 38007 4059 59778 738 62361 20832 7392 97888 53088 78624 17696 2464 92736 23072 2464 36288 448 37856 421 181 174 140 51 247 80 427 126 128 193 369 224 93 33 437 237 351 79 11 414 103 11 162 2 169 146155 101694 159955 34762 129675
200
59905 15513 84916 35524 186521 151070 113396 199437 190720 79977 171346 198897 161211 54248 25470 123371 129671 39034 116599 187351 154128 91121 192217 171662 88989 177567 182970 28609 104113 144649 24349 156952 46037 193555 68784 123210 26958 48829 162370 186859 143097 52761 118782 176855 63150 2036 170647 18518 65258 176387 1044 3390 73095 61185 169596 78243 94994 109718 108209 132894 62464 6530 171164 186352 29480 63597 15543 89647 136571 113882 42725 94053 19600 176098 166736 193139 123140 132467 22349 158242 196419 104781 35532 82896 78528 125566 124430 16202 188252 183842 91743 61431 160710 92630 39730 3421 81438 105183 16216 8153 102274 55389 170186 34135 134091 65701 187734 59891 80645 35824 143155 103698 100897 67078 191309 117005 113579 156494 165653 17092 135464 118730 80929 135753 64561 49233 138652 31062 116149 88658 140910 155285 188794 181409 85548 119648 89026 177338 18903 140006 95333 153529 58194 32214 154604 20580 136804 133433 193404 53332 74351 167226 77191 14434 184339 110812 191630 161828 132751 65808 78611 72223 128493 110893 117452 4903 144223 117790 80210 128005 124081 68667 84453 181121 13766 114314 74778 134236 165835 148354 54040 30948 42762 10805 157631 156132 69225 117318 161198 29448 85517 32124 146800 174622 40031 47848 167778 102053 20248 194604
200
103931 196224 46015 18440 33312 155090 132067 2996 150230 85331 101960 13837 29233 107936 68894 52939 180023 141799 22552 47802 7168 102498 116305 8826 155530 126882 163935 89811 80520 40590 168824 132327 163648 44314 122684 198945 115981 80526 151742 171224 174525 142344 81955 110659 169822 46881 146456 115685 148556 1233 135623 49462 77737 194754 194468 43837 92494 174848 169300 104206 159275 63891 118918 100031 46864 8525 124167 56145 29663 28954 178088 129873 144855 144826 772 13624 179403 10173 120139 60040 49291 182980 182397 137460 33728 170808 194874 41297 12404 167085 86919 44797 72999 47078 73573 188237 129770 3790 62590 159933 187474 51697 44027 20188 35723 102029 19863 17998 53641 26832 167768 71361 129749 59584 17901 69404 184623 622 147098 63206 384 42395 59803 190155 95749 198003 131666 108091 11898 96709 135497 161919 59254 21795 97013 3990 8038 104155 187345 144626 16412 62041 110621 24559 115349 96591 154450 70758 86076 68618 92320 42308 124125 114109 94065 177886 186422 21867 142968 92928 97050 54324 154380 24367 167591 54595 65431 23705 26146 162469 144232 36387 174378 14573 162732 18385 140925 172472 147884 182277 79114 179702 115332 139395 35653 143999 68828 29216 151665 29881 145636 79848 162277 190898 186561 44993 35903 157636 82070 89943
200
9760 1160 13680 13280 6880 3560 8920 10360 3320 15280 63684 7569 89262 86652 44892 23229 58203 67599 21663 99702 13664 1624 19152 18592 9632 4984 12488 14504 4648 21392 101260 12035 141930 137780 71380 36935 92545 107485 34445 158530 39772 4727 55746 54116 28036 14507 36349 42217 13529 62266 89060 10585 124830 121180 62780 32485 81395 94535 30295 139430 95160 11310 133380 129480 67080 34710 86970 101010 32370 148980 50264 5974 70452 68392 35432 18334 45938 53354 17098 78692 46604 5539 65322 63412 32852 16999 42593 49469 15853 72962 75396 8961 105678 102588 53148 27501 68907 80031 25647 118038 40 261 56 415 163 365 390 206 191 309 244 29 342 332 172 89 223 259 83 382 38194 51112 7917 90989 162156 119820 36106 161799 131424 148034 31131 26341 29691 186611 161011 115585 199992 180906 35098 27245 189321 150088 106589 154371 109531 84079 171232 12388 13321 45599 84620 182485 104352 182779 133220 8192 134023 89010 116387 40426 175507 103232 36243 88377 34651 80773 29511 130219 587 196511 78203 198848 102049 76528 188254 90654 97414 44554 74357 63149 53667 94852 65028 180636 18446 122253 2394 168363 125731 147252 153617 132978 175290 104382 174539 28099 47754 95927 101541 70967
200
8670 25721 117334 67626 34680 97971 69649 35258 110687 115311 13294 10020 29726 135604 78156 40080 113226 80494 40748 127922 133266 15364 11280 33464 152656 87984 45120 127464 90616 45872 144008 150024 17296 1050 3115 14210 8190 4200 11865 8435 4270 13405 13965 1610 8160 24208 110432 63648 32640 92208 65552 33184 104176 108528 12512 420 1246 5684 3276 1680 4746 3374 1708 5362 5586 644 11100 32930 150220 86580 44400 125430 89170 45140 141710 147630 17020 0 0 0 0 0 0 0 0 0 0 0 13140 38982 177828 102492 52560 148482 105558 53436 167754 174762 20148 13290 39427 179858 103662 53160 150177 106763 54046 169669 176757 20378 9780 29014 132356 76284 39120 110514 78566 39772 124858 130074 14996 289 334 376 35 272 14 370 0 438 443 326 30 89 406 234 120 339 241 122 383 399 46 118873 116967 19071 5264 189843 148871 51719 182283 148353 130856 101251 105644 179351 62979 128448 95149 98348 160638 183031 108486 74698 72551 70243 171379 187878 106405 91394 106341 175529 96232 82090 114970 180624 40823 187184 141628 19030 17995 21093 85512 197432 42411 13068 3440 51844 59504 55506 163976 96688 97225 162039 36354 54119 81979 107669 3895 73993
200
0 0 0 0 0 0 0 0 0 0 0 0 0 0 0 0 0 0 0 0 0 0 0 0 0 0 0 0 0 0 0 0 0 0 0 0 0 0 0 0 0 0 0 0 0 0 0 0 0 0 0 0 0 0 0 0 0 0 0 0 0 0 0 0 0 0 0 0 0 0 0 0 0 0 0 0 0 0 0 0 0 0 0 0 0 0 0 0 0 0 0 0 0 0 0 0 0 0 0 0 112531 101496 76594 191268 88823 27121 141629 50149 174287 88585 125543 103426 172478 139451 47725 58411 70786 91164 24744 26159 19088 188133 116834 17286 59187 17401 110905 10819 96292 55387 100204 80379 15432 184600 44451 65653 42347 107303 166905 104814 123899 58182 146033 16341 20956 87286 191228 39580 13596 30293 90794 194144 56686 3130 154826 161088 100988 170959 102225 53193 87450 189622 81533 148200 140755 157059 114409 123600 49554 187908 49058 82724 29118 8180 40097 183120 15059 42289 50683 54593 141756 98365 7260 77398 84472 7385 99328 180307 147357 82782 104566 108461 164105 8284 180862 170436 111341 199534 44937 87250
200
1 0 1 1 0 1 1 0 1 0 0 1 1 0 0 1 0 1 0 1 0 0 1 0 1 0 0 0 1 1 0 0 1 1 1 0 0 0 0 1 1 0 0 0 0 1 0 0 0 0 1 1 1 0 1 0 0 1 1 1 1 1 1 0 0 1 1 1 1 0 1 1 0 0 1 1 1 1 0 0 0 0 1 0 0 0 1 0 0 0 0 0 1 1 0 1 0 1 0 0 1 1 1 1 1 1 0 1 1 0 1 1 1 0 1 0 1 1 1 0 1 1 1 0 0 0 0 0 0 1 0 1 0 0 0 1 0 0 1 1 0 1 1 1 0 0 1 1 0 1 0 1 0 0 1 1 0 1 1 1 0 1 1 1 1 1 0 1 1 0 0 0 0 1 1 1 1 1 1 0 1 1 0 1 0 0 1 0 1 1 0 0 1 0 1 0 1 0 0 1
3
65537 65537 131073
200
1 1 1 1 1 1 1 1 1 1 1 1 1 1 1 1 1 1 1 1 1 1 1 1 1 1 1 1 1 1 1 1 1 1 1 1 1 1 1 1 1 1 1 1 1 1 1 1 1 1 1 1 1 1 1 1 1 1 1 1 1 1 1 1 1 1 1 1 1 1 1 1 1 1 1 1 1 1 1 1 1 1 1 1 1 1 1 1 1 1 1 1 1 1 1 1 1 1 1 1 1 1 1 1 1 1 1 1 1 1 1 1 1 1 1 1 1 1 1 1 1 1 1 1 1 1 1 1 1 1 1 1 1 1 1 1 1 1 1 1 1 1 1 1 1 1 1 1 1 1 1 1 1 1 1 1 1 1 1 1 1 1 1 1 1 1 1 1 1 1 1 1 1 1 1 1 1 1 1 1 1 1 1 1 1 1 1 1 1 1 1 1 1 1 1 1 1 1 1 1
200
191780 6690 149410 173494 136922 16948 192672 7582 158330 128140 4470 99830 115922 91486 11324 128736 5066 105790 46010 1605 35845 41623 32849 4066 46224 1819 37985 2580 90 2010 2334 1842 228 2592 102 2130 43000 1500 33500 38900 30700 3800 43200 1700 35500 38700 1350 30150 35010 27630 3420 38880 1530 31950 180600 6300 140700 163380 128940 15960 181440 7140 149100 75680 2640 58960 68464 54032 6688 76032 2992 62480 63640 2220 49580 57572 45436 5624 63936 2516 52540 446 298 107 6 100 90 420 176 148 430 15 335 389 307 38 432 17 355 181627 146311 29275 30279 119556 137028 90923 135782 164082 142968 188417 124705 159266 186071 88340 101583 76485 3561 13432 11841 83361 165375 55111 94204 126285 45897 111592 124268 127299 37157 74271 134662 88295 114926 118181 171506 113556 11035 146617 138320 80128 26650 35940 117615 173372 39136 197838 57667 82337 163587 16055 14794 182555 104521 189346 23002 191358 127363 4312 66799 58721 187646 186317 138499 55771 87998 141080 25011 124308 176828 142804 98155 102357 197054 165099 116857 9770 88702 12692 85815 34936 1289 165837 139040 20467 40715 64379 144487 107113 117610 140476 127283 32263 31322 34336 195421 120313 152598 144233 128047 95063
200
38796 38430 9760 22448 31110 26474 44042 31598 4452 4410 1120 2576 3570 3038 5054 3626 126246 125055 31760 73048 101235 86149 143317 102823 119250 118125 30000 69000 95625 81375 135375 97125 21306 21105 5360 12328 17085 14539 24187 17353 80136 79380 20160 46368 64260 54684 90972 65268 78864 78120 19840 45632 63240 53816 89528 64232 28620 28350 7200 16560 22950 19530 32490 23310 122 14 397 375 67 252 248 90 318 315 80 184 255 217 361 259 193561 18097 88715 137889 154599 124984 99098 151642 51399 53466 176628 9607 95053 150916 22430 164421 194136 127151 25203 24766 62032 138863 154252 60071 103710 83419 100237 75701 135661 135201 96256 158008 24644 170498 124271 105014 175403 96217 41574 150155 26719 96506 48329 77820 100469 133252 198705 180221 83841 159026 16245 148814 85681 123064 151457 69449 198826 116422 43591 163402 182235 189777 78502 116897 120030 46296 197343 195692 109823 152887 15077 82937 185843 94901 183337 48948 186972 90982 155463 129273 139413 179796 174686 155097 62918 12142 17255 5212 41006 55329 124337 111648 174067 27108 70558 37570 76941 162633 107027 44746 116155 169035 190907 145935 95085 110608 160458 62525 148589 50611 101528 149100 193978 49335 6941 96415 180059 84202 190286 133414
200
131073 131073 65537 65537 65537 65537 65537 131073 65537 65537 65537 131073 131073 65537 131073 65537 65537 131073 65537 65537 131073 65537 65537 131073 131073 65537 65537 65537 65537 65537 65537 131073 131073 65537 131073 131073 131073 131073 131073 65537 131073 131073 65537 131073 131073 131073 65537 131073 131073 65537 131073 131073 65537 65537 131073 131073 131073 131073 131073 65537 131073 65537 65537 65537 131073 65537 131073 65537 65537 131073 131073 131073 65537 65537 65537 65537 131073 65537 131073 65537 131073 65537 131073 131073 131073 131073 131073 131073 65537 65537 65537 65537 65537 65537 131073 131073 65537 131073 65537 65537 65537 131073 65537 131073 131073 131073 65537 131073 65537 131073 131073 65537 131073 65537 131073 65537 65537 131073 65537 65537 65537 131073 131073 65537 131073 131073 65537 65537 131073 131073 131073 131073 65537 131073 131073 131073 65537 131073 131073 131073 131073 131073 65537 131073 65537 65537 65537 65537 131073 131073 131073 65537 65537 65537 65537 131073 65537 131073 65537 131073 131073 131073 65537 131073 131073 131073 131073 131073 131073 65537 65537 131073 131073 131073 65537 131073 65537 65537 65537 65537 131073 131073 65537 65537 131073 65537 65537 65537 131073 131073 65537 65537 131073 131073 65537 131073 131073 65537 65537 131073
200
200000 200000 200000 200000 200000 200000 200000 200000 200000 200000 200000 200000 200000 200000 200000 200000 200000 200000 200000 200000 200000 200000 200000 200000 200000 200000 200000 200000 200000 200000 200000 200000 200000 200000 200000 200000 200000 200000 200000 200000 200000 200000 200000 200000 200000 200000 200000 200000 200000 200000 200000 200000 200000 200000 200000 200000 200000 200000 200000 200000 200000 200000 200000 200000 200000 200000 200000 200000 200000 200000 200000 200000 200000 200000 200000 200000 200000 200000 200000 200000 200000 200000 200000 200000 200000 200000 200000 200000 200000 200000 200000 200000 200000 200000 200000 200000 200000 200000 200000 200000 200000 200000 200000 200000 200000 200000 200000 200000 200000 200000 200000 200000 200000 200000 200000 200000 200000 200000 200000 200000 200000 200000 200000 200000 200000 200000 200000 200000 200000 200000 200000 200000 200000 200000 200000 200000 200000 200000 200000 200000 200000 200000 200000 200000 200000 200000 200000 200000 200000 200000 200000 200000 200000 200000 200000 200000 200000 200000 200000 200000 200000 200000 200000 200000 200000 200000 200000 200000 200000 200000 200000 200000 200000 200000 200000 200000 200000 200000 200000 200000 200000 200000 200000 200000 200000 200000 200000 200000 200000 200000 200000 200000 200000 200000 200000 200000 200000 200000 200000 200000
200
0 0 0 0 0 0 0 0 0 0 0 0 0 0 0 0 0 0 0 0 0 0 0 0 0 0 0 0 0 0 0 0 0 0 0 0 0 0 0 0 0 0 0 0 0 0 0 0 0 0 0 0 0 0 0 0 0 0 0 0 0 0 0 0 0 0 0 0 0 0 0 0 0 0 0 0 0 0 0 0 0 0 0 0 0 0 0 0 0 0 0 0 0 0 0 0 0 0 0 0 0 0 0 0 0 0 0 0 0 0 0 0 0 0 0 0 0 0 0 0 0 0 0 0 0 0 0 0 0 0 0 0 0 0 0 0 0 0 0 0 0 0 0 0 0 0 0 0 0 0 0 0 0 0 0 0 0 0 0 0 0 0 0 0 0 0 0 0 0 0 0 0 0 0 0 0 0 0 0 0 0 0 0 0 0 0 0 0 0 0 0 0 0 0 0 0 0 0 0 0
200
156250 152542 149636 67896 191275 154697 166843 26827 31850 161394 146137 189102 5555 89747 39153 107436 173392 147532 111150 14934 15667 125797 22549 84761 104540 165745 47852 118300 34435 67442 146877 42412 133122 88716 146433 84106 5647 48611 109481 12241 125322 92504 49271 35524 20043 19590 152798 93951 147906 98189 109582 169523 34511 7709 196252 105405 53753 28690 157689 134488 109599 99362 167534 14521 17498 82613 135316 157432 185057 70623 30682 180408 84404 42078 84620 56909 185260 49214 182399 106226 62701 22495 97797 37259 83081 174857 189650 65179 6803 49526 182542 141032 40882 124137 129499 38674 195905 140660 94944 75522 124566 54659 191202 172289 124957 74982 109147 72072 107356 126761 87133 193324 153601 33164 10022 80201 75338 63406 94412 190480 43782 113472 187859 23395 4688 97872 116096 177338 5785 145854 26638 107857 185806 77168 164158 116288 108433 4721 58577 183480 183548 146948 6587 159851 31569 153589 160219 151567 90379 163967 84451 117149 86538 10663 123528 142561 135071 185458 48141 146769 196552 65394 123421 116506 84995 117230 167802 31833 11618 42312 156385 119424 23408 98680 63915 7832 67570 13661 117588 9389 156947 182142 184277 115677 161993 120891 33459 9689 47133 41144 134965 21830 139158 90640 114720 175055 793 183668 83867 32338
200
109921 45117 112015 79436 8180 115818 30518 120386 53752 185195 132255 142427 183173 34497 124534 7943 97273 3015 100012 8695 139850 80722 188128 25813 119480 154131 112744 96401 105346 61278 97589 26908 82043 144054 163953 67635 18076 70381 10324 58691 83857 179819 94430 151433 127844 1465 36606 97414 162895 9950 112472 110851 133629 15399 185940 115672 61832 83237 64587 158839 115425 195765 16239 88508 31301 183889 72963 15226 59940 168452 14846 77315 84019 51580 146491 70516 166296 35016 160973 97141 21758 49987 143641 189601 66297 53664 19464 135329 32249 23248 197574 118086 63673 42147 72424 1448 97670 86145 42032 4539 31413 158056 65258 46312 100682 22969 196225 66538 75973 143375 70353 193428 173685 36472 130317 64201 122398 92566 3620 55318 139132 2043 142266 190886 131897 102472 96539 42411 123821 61070 184332 10384 29774 146015 176398 167760 83279 110791 146271 63596 195267 116847 66086 137402 7745 157815 182657 81264 131043 58736 173832 110015 166972 176846 175954 197784 65700 192995 10016 138858 94271 83462 111562 192813 115765 37924 132072 63609 127722 174348 39616 97398 73345 126693 27514 55587 183004 23734 181533 132189 48362 190391 11600 13799 156924 88069 36503 126113 43298 33655 4312 1462 177959 55111 179158 118652 134236 20363 91954 94873
200
73663 48498 13595 111644 157049 52740 171405 31111 52208 162887 35988 132095 52791 45001 7985 15394 30095 21304 41112 165701 62867 146517 21845 159904 152687 85537 173788 179814 56579 165068 32094 152624 95994 71584 26833 138673 60142 140881 129167 161059 160471 66065 152572 39481 120420 16684 158560 120378 132612 90221 188384 89223 31542 23750 45955 25988 87869 94516 80042 10834 108670 55084 188881 159706 105937 21583 161100 112283 79037 35753 171563 57859 196284 26796 110336 129908 182450 45342 181350 88512 107603 193792 175021 100403 112706 86639 31517 151352 171895 146513 42795 99620 86209 12325 43845 60909 95344 53401 92995 135264 2092 183687 16108 32429 76795 186866 156910 28545 153341 34846 178921 169676 180600 121195 85269 188076 112844 111635 7253 152391 113147 156537 185651 130836 167642 119499 2829 48605 84354 4450 83386 187008 78566 91430 37184 118891 68596 18540 24532 141790 113915 74625 62119 11784 9246 131097 103497 180666 82766 10868 125502 18193 122994 84202 93167 160603 31644 11146 169026 65431 14809 81250 170391 72880 84538 197590 24771 25234 192395 174227 81630 80672 121337 180128 51199 102684 30374 9009 60497 114896 15007 19665 179976 19505 134749 51515 22299 115553 113359 116304 8797 82949 123601 149997 131958 54561 44228 178583 108330 121560
200
77228 193368 46066 100993 112826 134866 78413 86664 16712 103504 119566 127143 96711 148602 69149 199204 45985 68922 42459 181651 20006 73412 16458 5052 147125 189025 141193 49179 78376 366 141642 9002 15182 182252 164775 14698 66616 168339 81592 89127 52008 72021 64909 6417 35912 166708 98120 46455 187525 156912 107786 151978 82696 35554 144596 80125 153054 180506 98752 115914 25986 86518 103789 53380 108131 96546 150563 47032 102689 144952 93309 162019 15757 135497 64316 58041 163171 16082 185410 103425 47554 33678 196430 32989 117932 96641 82503 185099 153043 173329 161627 32696 64428 20719 126874 156611 86186 97317 184884 90780 50336 117530 179695 23327 112273 13602 166877 104894 64700 112302 174377 84173 191171 188943 3526 129241 2914 125788 30331 80676 113816 185145 178085 9820 22418 101880 133079 121764 121140 193360 127568 108209 179126 99429 16382 54000 38197 111355 117084 163759 194550 189239 98217 41643 24902 52226 172193 66616 72180 149769 161065 52877 19906 52381 151502 144462 13414 134011 100584 43737 115545 93724 191104 22219 79436 98985 19779 56881 31837 174739 62725 39320 87470 71523 48001 9858 63414 168077 37011 8065 151045 174868 105398 51789 46421 168063 194273 18645 193045 79274 62321 77824 97305 193292 182910 97393 106095 167364 153790 120691
200
197640 17907 56940 101903 78087 94157 63805 75072 142681 15464 170810 30468 157888 50976 9062 70989 194365 2715 180095 155221 55575 113685 13724 140767 197986 8686 110852 57124 120060 51321 117834 176622 138888 80286 89411 121892 105046 82284 85994 48415 20147 73618 50500 70022 51724 182433 130145 10177 155470 95541 100619 124090 47059 173602 25797 40892 170261 187608 194196 53367 42065 166141 38186 162197 31507 119224 188035 182866 141863 136924 5649 192883 23397 139962 145803 117196 9804 107547 183894 2143 176046 185135 191391 48165 87089 90227 72523 181360 167957 179298 34609 64655 152093 87569 15185 179098 181226 11780 122727 183799 164957 187518 184527 122751 67992 159289 101191 54807 80742 116097 59607 167617 84079 149257 92508 107699 86764 64410 125678 198514 82711 129944 20162 199649 21136 169684 45712 103510 99827 27109 119975 69462 196677 175898 27566 124680 132929 48483 174688 77895 98515 99495 106134 42033 158561 174600 72335 177208 108617 52805 130241 75004 187104 121944 94566 182548 15733 183343 171289 171347 85127 51272 123952 195239 135644 134626 185410 102025 688 155550 169453 97447 106045 148076 159141 110971 65735 169000 149222 119060 38693 137528 58128 98534 181960 107007 95983 103595 58279 52671 61891 102843 83000 63061 125468 103460 156425 107857 83334 100713
200
191604 99346 77518 172430 23110 162185 120552 182444 136243 69178 37403 28654 71877 78917 124138 161670 147518 115366 126737 192365 56247 37531 2080 8586 39777 160902 7637 98328 111034 24650 149198 132566 167659 123619 96612 188306 35692 151521 5104 93227 95431 95995 86882 54036 20404 71532 133805 98851 88711 18481 96792 733 32138 20531 93 197838 186903 47142 221 72166 70970 64786 53200 149193 76113 119623 32355 118835 106440 22798 54262 84929 90603 136992 51090 119916 88475 83028 184618 48824 157855 50744 68228 197957 18773 134722 22116 43558 182408 79717 147837 8887 78266 126380 30606 165077 53072 92312 29422 63250 112454 137058 146333 6109 76149 172737 68292 15667 124629 21198 172614 38753 143282 78701 167915 169769 199867 4478 124059 41967 37435 155198 89690 169134 186798 96010 44472 127908 151963 71897 149615 102048 155995 77857 81010 70918 31870 122129 135115 141214 51201 65449 40548 37077 124919 193237 66704 86150 50801 119274 123985 88448 83360 14082 128783 6886 67718 141551 125751 162670 158704 135596 181432 42487 57964 178973 9907 100537 74659 92370 144018 111990 43801 16077 122147 126462 85641 74097 197795 196699 94788 74158 64788 64245 82404 54590 110537 108148 142511 127917 20325 38926 118853 106916 97814 193294 86304 110183 193492 53299
200
67488 7600 98496 124944 55024 16416 82992 11248 104576 25232 98192 88356 9950 128952 163578 72038 21492 108654 14726 136912 33034 128554 23754 2675 34668 43977 19367 5778 29211 3959 36808 8881 34561 26418 2975 38556 48909 21539 6426 32487 4403 40936 9877 38437 9990 1125 14580 18495 8145 2430 12285 1665 15480 3735 14535 56388 6350 82296 104394 45974 13716 69342 9398 87376 21082 82042 46398 5225 67716 85899 37829 11286 57057 7733 71896 17347 67507 26862 3025 39204 49731 21901 6534 33033 4477 41624 10043 39083 50172 5650 73224 92886 40906 12204 61698 8362 77744 18758 72998 63048 7100 92016 116724 51404 15336 77532 10508 97696 23572 91732 34632 3900 50544 64116 28236 8424 42588 5772 53664 12948 50388 304 398 107 119 45 254 209 121 226 284 156 222 25 324 411 181 54 273 37 344 83 323 180382 79759 76595 80167 189560 91590 145085 148651 118449 393 38289 7814 127774 54964 97684 124426 182831 107857 57798 137723 129832 97746 67522 175224 92773 191951 132519 57606 30033 150019 100013 95298 199279 70735 6745 100510 6900 14661 152189 145963 131776 33237 106141 125829 130541 175737 73127 74370 11748 94962 181905 76731 146919 4844 106029 93472 62768
200
65567 56850 19708 120522 17055 26151 24256 44343 98919 44980 39000 13520 82680 11700 17940 16640 30420 67860 33562 29100 10088 61692 8730 13386 12416 22698 50634 56052 48600 16848 103032 14580 22356 20736 37908 84564 55879 48450 16796 102714 14535 22287 20672 37791 84303 46364 40200 13936 85224 12060 18492 17152 31356 69948 74217 64350 22308 136422 19305 29601 27456 50193 111969 57090 49500 17160 104940 14850 22770 21120 38610 86130 31313 27150 9412 57558 8145 12489 11584 21177 47241 379 260 194 324 323 268 429 330 181 173 150 52 318 45 69 64 117 261 164732 187846 151825 137531 131963 84773 54588 51726 73641 129293 50320 111220 53997 181331 89573 86031 79612 6689 122201 172701 61269 132683 39252 156018 32180 169036 41167 18189 120284 113474 175444 101096 181891 146965 146675 104405 194199 180676 7113 121166 154030 86885 133217 37070 61686 90448 187003 198383 90908 4076 113592 101359 132514 103105 53461 167343 137475 140722 66753 53913 116153 11478 135796 6407 2832 138221 80251 114187 76857 31578 117451 58019 126353 70099 56276 126603 45254 167176 137835 131433 142272 84529 69568 45636 126618 197395 22558 195273 76128 32069 103416 141174 150927 145535 21374 189022 33080 104631 17721 22051 97482
