100
5 1
3 1 4 1 5 9
2 7 1 8 2 9
4 8 15 16 23 42
5 5
3 1 4 1 5 9
2 7 1 8 2 9
4 8 15 16 23 42
50355 100000
96930947 94105610 469129484 226056421 227232284 592387742
637411634 670161812 670122234 881485610 834424457 900476220
53564612 15696108 22396026 37557913 40595094 60132995
400000 100000
64978238 360462198 239543757 46975713 246073096 405980586
64978238 360462198 239543757 46975713 246073096 405980586
116690 17366 161414 368634 139635 400000
400000 100000
0 0 0 0 0 1000000000
429679081 118603733 325676330 345550324 236941486 578510365
87332171 779007999 6638307 36982551 91685562 787075631
400000 100000
58564546 184940098 334415099 299556421 289444756 344916295
405848904 870254305 721641646 703408237 30408336 931873437
244794703 217383022 238129676 56313293 335735856 374124459
400000 100000
384765946 421454486 381175850 97217286 145739104 437293614
384765946 421454486 381175850 97217286 145739104 437293614
375066 97603 237224 347866 273892 400000
400000 22484
219831984 371038224 333120029 51579498 121199229 523969801
999999999 999999999 0 0 999999999 1000000000
288940932 784224647 292138058 411012835 862609455 929466178
400000 100000
0 0 0 0 0 1000000000
377027467 81444113 69076430 744875289 128878691 795801206
627621305 721578844 87612174 787241894 258991383 901031577
319037 42545
321628663 384702262 213178692 286871369 481916549 547779549
141647291 338600436 206017587 154388715 292677778 360117705
337032505 339793725 130141916 476715851 401347411 640726767
400000 22484
0 0 0 0 0 1000000000
67258294 34966367 136606332 135326178 16260561 265671672
207044308 183644191 117280425 22414871 78108301 220551688
400000 22484
0 0 0 0 0 1000000000
999999999 999999999 0 0 999999999 1000000000
632321928 203971718 117510529 306594496 762683627 774012702
144763 100000
0 0 0 0 0 1000000000
999999999 999999999 0 0 999999999 1000000000
130894679 248152014 193443968 246766436 227465144 281162579
400000 100000
0 0 0 0 0 1000000000
999999999 999999999 0 0 999999999 1000000000
4556144 22862368 25589615 26624548 6887201 27332764
400000 100000
59472998 494255394 301016624 299386462 369791407 688990048
59472998 494255394 301016624 299386462 369791407 688990048
278833 199037 178883 179987 206730 400000
400000 100000
136098114 101433414 210384987 147101556 58378260 313703249
136098114 101433414 210384987 147101556 58378260 313703249
0 0 0 0 0 1
50355 100000
229973013 20436633 343295338 427256087 363262852 445945377
229973013 20436633 343295338 427256087 363262852 445945377
14593 47679 4879 31754 17382 50355
187779 76436
280886479 105496797 65347257 386743562 191549291 408052524
207283089 14417539 189894931 61354080 31606919 437225705
603014481 310990530 692583983 115482797 258927715 809811146
400000 100000
133338473 191928254 74278271 153918402 182933577 250211267
133338473 191928254 74278271 153918402 182933577 250211267
40663 250058 220037 208045 7020 400000
400000 67444
0 0 0 0 0 1000000000
999999999 999999999 0 0 999999999 1000000000
565172893 317697989 272734587 228367012 231937521 787781143
400000 100000
125213504 170499222 51802330 343586679 537134566 616701594
999999999 999999999 0 0 999999999 1000000000
244602405 364166784 10309962 667603399 444771927 709568433
400000 100000
1395365 448029471 208598645 259715323 114838277 515112908
1395365 448029471 208598645 259715323 114838277 515112908
365587 106858 338509 396287 114152 400000
400000 100000
339954484 142057032 590112801 432741776 21198576 656771709
339954484 142057032 590112801 432741776 21198576 656771709
21965 280157 158595 119673 54203 400000
400000 100000
146170584 90785538 36055783 12981754 40196422 198110153
146170584 90785538 36055783 12981754 40196422 198110153
290963 310052 174215 352541 209222 400000
61191 100000
660071386 39263597 700116912 505914980 207450284 715095518
660071386 39263597 700116912 505914980 207450284 715095518
31193 12039 47221 3722 29232 61191
261830 17212
0 0 0 0 0 1000000000
999999999 999999999 0 0 999999999 1000000000
749423774 214517730 793322825 934150122 741220579 980095454
61191 100000
48154607 654753314 506942658 623906138 413170761 905045020
366756491 359902334 317728106 266992975 102682596 378350747
421129360 502143634 372915889 152375486 157301765 575674792
144763 100000
179778860 512856549 232033333 133304775 688997256 750859958
393995064 255103598 117185796 102671880 389793442 480178199
219932438 345728783 100662921 98716919 181819911 350306805
400000 67444
79460411 134194154 49991667 308207958 156719429 452424872
999999999 999999999 0 0 999999999 1000000000
526140216 90208159 446953026 516373442 366968845 527917070
400000 67444
26976360 262615633 328227204 441092339 124461794 487658880
58818866 43382332 66389064 96401856 193806998 205558172
322541387 250008608 358120193 211866286 451956092 581599599
400000 100000
261507677 386401180 785328266 758975355 471825046 803221060
261507677 386401180 785328266 758975355 471825046 803221060
239665 182467 232132 72209 386040 400000
400000 67444
0 0 0 0 0 1000000000
80838361 221544471 16599886 66410234 88235020 272796854
358713347 354718054 353942569 48802494 349599917 359097211
326430 26857
39921541 40882325 16173009 30965535 32010367 44715638
365028065 146726808 199744679 244028411 281400200 384541415
8478593 13868007 152167544 92374072 56266848 169963610
400000 67444
456830109 225793187 361148822 151080072 203496584 692808853
456830109 225793187 361148822 151080072 203496584 692808853
386970 327014 271226 322582 357087 400000
400000 100000
76409540 85275133 233539706 25683663 86159249 235347438
76409540 85275133 233539706 25683663 86159249 235347438
196053 107113 350887 203379 197154 400000
400000 80586
0 0 0 0 0 1000000000
75459140 49074859 75141721 16032390 56219561 131353882
175398091 517866344 408046195 357587728 264189540 520628968
315418 35972
576783931 191064272 169616651 574548773 435383805 975192350
144292544 535473964 149079386 742606917 125683794 796670839
297841245 625333973 607421184 529817776 459245228 649313775
400000 80586
65396093 37830738 59629733 19312024 19870980 80119998
65396093 37830738 59629733 19312024 19870980 80119998
370548 343844 46146 344196 17663 400000
261830 17212
49843164 112583291 506543611 178580577 346242985 551027794
89382273 75369149 34810965 66077745 21406154 306765013
349649671 386472411 9019828 270212649 259581379 395986312
326430 26857
686828761 417079523 407119479 68697462 930586652 980662331
686828761 417079523 407119479 68697462 930586652 980662331
180210 144388 24408 255948 70698 326430
400000 100000
210890891 159332031 108134190 98887454 56004316 371651768
210890891 159332031 108134190 98887454 56004316 371651768
332962 232121 43106 320476 204081 400000
326430 26857
0 0 0 0 0 1000000000
197114979 14067048 370032782 253884629 89255906 419684377
544879267 668204236 811684430 417349608 810397061 895289973
400000 100000
23119114 224881584 206946108 40580552 200635527 266085149
999999999 999999999 0 0 999999999 1000000000
154904524 214459757 35182466 517393704 243912560 551620541
400000 100000
60852317 152325463 28690958 121121926 25052637 158028839
60852317 152325463 28690958 121121926 25052637 158028839
228033 338132 139826 85203 78132 400000
400000 80586
304197478 498066424 228426989 351460143 552038088 774619968
61917465 116038224 130614553 17789290 130662419 142764285
623127561 109979973 36900908 155764721 101908344 798635563
144763 100000
93602114 31720108 129777228 124427962 25056110 160535054
999999999 999999999 0 0 999999999 1000000000
128967007 318760249 274107401 297425782 77156524 900666225
50355 100000
0 0 0 0 0 1000000000
999999999 999999999 0 0 999999999 1000000000
382858774 643353666 300471853 313904695 404566718 724564998
400000 100000
611553840 243873186 369088091 116543755 68641588 614431751
611553840 243873186 369088091 116543755 68641588 614431751
320894 274358 392347 317227 187275 400000
400000 100000
72172483 345037326 218537779 237559578 286950741 385444552
72172483 345037326 218537779 237559578 286950741 385444552
15643 122370 69114 255167 280362 400000
400000 100000
23308391 154485823 80406738 4816194 43819456 164209027
23308391 154485823 80406738 4816194 43819456 164209027
75180 73937 87903 78532 178342 400000
326430 26857
216727553 292737193 59317453 105664227 77508657 391231256
999999999 999999999 0 0 999999999 1000000000
796509544 667708592 200276475 316211898 518558593 881036624
400000 100000
294939011 27949806 69322342 232657668 282654822 431531354
294939011 27949806 69322342 232657668 282654822 431531354
107297 95980 127618 128197 341133 400000
400000 100000
1887296 3224984 18594570 22827957 19394318 31046156
1887296 3224984 18594570 22827957 19394318 31046156
235491 371484 399185 230261 308220 400000
400000 100000
519989450 311127641 150100025 343326900 15730333 539626919
519989450 311127641 150100025 343326900 15730333 539626919
219112 76093 210242 23530 46064 400000
124672 8208
701004541 412010006 520282177 99837833 112808141 730387992
10077287 18324926 69282519 77418986 84576920 103313699
261963936 308756546 515765684 436303490 216961425 945229073
400000 100000
639550705 285928830 131395725 556781325 27645222 705024899
639550705 285928830 131395725 556781325 27645222 705024899
138105 81505 160000 256421 21194 400000
144763 100000
448912805 587220844 211657398 625948958 150550606 824531398
448912805 587220844 211657398 625948958 150550606 824531398
98421 31252 126287 84801 7883 144763
400000 100000
0 0 0 0 0 1000000000
62721552 89559262 154391658 260829032 81254448 281181156
245876880 308266124 421874339 31752690 87241553 452858447
120761 42468
113450041 264148472 180065026 246733116 14806052 277589635
113450041 264148472 180065026 246733116 14806052 277589635
114464 7091 53325 42870 47073 120761
120761 42468
0 0 0 0 0 1000000000
11901367 16977290 4261537 14763986 20809089 21194487
87763406 20932170 88284638 64009185 5686330 94609628
400000 100000
59940396 228771740 515562587 232283076 151959318 665388055
59940396 228771740 515562587 232283076 151959318 665388055
100432 230580 345182 98420 259200 400000
400000 100000
402926841 21761074 114789836 548366655 19677620 613590601
402926841 21761074 114789836 548366655 19677620 613590601
346554 227818 384979 145944 163923 400000
261830 17212
72364345 470476298 784634082 207650118 3150456 907025347
72364345 470476298 784634082 207650118 3150456 907025347
162884 256545 156892 232166 45036 261830
400000 100000
0 0 0 0 0 1
999999999 999999999 0 0 999999999 1000000000
0 0 0 0 0 1
400000 100000
26925859 6568975 2989571 9883989 2501205 34376368
186975404 16389640 304034523 133277690 116238525 413846532
4282265 10195123 10566067 18955066 41773566 45924738
400000 100000
573102489 367737824 239797531 296714178 339606136 599679663
573102489 367737824 239797531 296714178 339606136 599679663
145160 281612 192825 241047 48225 400000
400000 100000
740858528 301077057 254625606 500264972 669804373 764034537
740858528 301077057 254625606 500264972 669804373 764034537
290540 176561 254183 8755 263167 400000
120761 42468
371904324 613492960 364762896 12217952 505853951 986903881
246373553 144066743 354406094 422253843 311535722 614041458
205288656 356842667 293823097 247659809 385788208 600434906
61191 100000
61558848 156748726 448623769 449409174 79457221 495509827
999999999 999999999 0 0 999999999 1000000000
47810817 3985010 14521884 47300676 23529107 106440479
400000 100000
252202410 571104405 248723425 604471185 301821863 721482857
252202410 571104405 248723425 604471185 301821863 721482857
380270 176180 377139 143439 302388 400000
120761 42468
637919579 488105522 461607974 26073498 214159547 675902896
999999999 999999999 0 0 999999999 1000000000
38376984 120993055 336611709 313083526 16220708 347627767
50355 100000
0 0 0 0 0 1000000000
46856568 18305172 22272018 736625 21323215 99588518
280128092 158855599 321511900 143767280 305743751 443517179
400000 22484
10036662 59286044 48366186 15467284 29988467 59820623
10036662 59286044 48366186 15467284 29988467 59820623
243144 324909 163967 39279 378142 400000
400000 100000
82080411 175099493 197048777 196004832 142587219 204593683
82080411 175099493 197048777 196004832 142587219 204593683
1916 348922 268356 219530 110254 400000
336452 94588
10524185 59800594 17159966 63131428 23706190 66108148
89241830 187797930 243683149 27949669 41501870 287035244
519096259 440538202 43892428 216279477 46499625 923734518
400000 80586
0 0 0 0 0 1000000000
999999999 999999999 0 0 999999999 1000000000
500016409 116647436 192800804 409821273 366516658 583726731
61191 100000
0 0 0 0 0 1000000000
999999999 999999999 0 0 999999999 1000000000
9762592 139891385 70422772 97405546 1942133 274388963
400000 80586
119943574 68175978 395571070 398269652 364302778 741788765
999999999 999999999 0 0 999999999 1000000000
180663546 432178651 175168140 33470203 376621076 565524883
400000 100000
489653532 465259046 370909870 444444719 41159803 646320341
489653532 465259046 370909870 444444719 41159803 646320341
65165 379247 202401 151866 52222 400000
400000 100000
0 0 0 0 0 1000000000
999999999 999999999 0 0 999999999 1000000000
305286 141191 160564 119 59015 397113
326430 26857
0 0 0 0 0 1000000000
999999999 999999999 0 0 999999999 1000000000
115628277 269160059 282230247 228596028 276114337 341203759
61191 100000
0 0 0 0 0 1000000000
136602091 288629258 602817583 631853892 510315674 825928926
279695771 18507816 42271803 287796072 168030580 672452095
40498 67104
45057977 116878182 135387223 28623735 134333898 188793958
254034423 8950474 371729294 352411723 285688878 402142272
46038500 159434150 179943172 114631683 108660675 489604278
207310 29173
783622969 380667803 41876277 676143488 150169600 957918397
473420009 396389903 392622714 190259984 12137062 532869921
66057276 247726998 331337986 384081221 40736926 401053281
144763 100000
0 0 0 0 0 1000000000
407668720 580233884 156268994 266262387 736870629 784961852
200513987 141049453 189847711 55061721 126107902 202391693
1 100000
0 0 0 0 0 1
0 0 0 0 0 1
999999999 999999999 0 0 999999999 1000000000
400000 100000
27862429 11150928 6073217 26534610 24388808 29820835
27862429 11150928 6073217 26534610 24388808 29820835
191874 344202 55383 62389 67905 400000
65955 1297
117733973 254472477 119281637 146364193 64062839 321786625
98484245 675333923 251738865 685868960 744739776 994542298
417455818 400513707 371258093 441422093 539330794 583533658
67543 95197
2220739 55571992 43496787 3039052 38298920 56266960
766465765 222656233 210063030 758351398 226225851 973774128
499300145 680672163 366596136 210931184 563693824 792157289
400000 100000
36750386 4763462 10527707 120254838 42233144 137267441
36750386 4763462 10527707 120254838 42233144 137267441
300640 320767 194998 320479 271681 400000
400000 100000
0 0 0 0 0 1000000000
999999999 999999999 0 0 999999999 1000000000
152619363 328147229 345822348 304519050 272159871 349422289
400000 100000
569860976 311041103 416573975 10459150 188019086 976743684
569860976 311041103 416573975 10459150 188019086 976743684
361442 380536 200803 157326 279945 400000
120761 42468
0 0 0 0 0 1000000000
999999999 999999999 0 0 999999999 1000000000
90901131 315032793 333407072 879708020 414230606 960394224
400000 100000
5906673 5892210 4227111 4548261 4769332 7231408
999999999 999999999 0 0 999999999 1000000000
197928440 69608693 164615893 279280274 168640983 339973136
261830 17212
419481696 343944675 94600559 281820281 272070421 487600613
999999999 999999999 0 0 999999999 1000000000
459482971 191346225 761365440 488661259 547763914 796541147
261830 17212
0 0 0 0 0 1000000000
21696835 36764998 66695572 535423569 472250758 654956911
175119839 304544333 109482866 187620699 82271057 367821568
50355 100000
24842899 51017602 53718996 31891456 13804060 54355881
999999999 999999999 0 0 999999999 1000000000
1029256 426962 59478893 2938519 21707445 60938729
400000 100000
680503003 570508502 21406592 882116569 554417812 975844323
261586266 111648782 254524305 248728406 151644389 494493708
196706486 855834703 197364376 48872316 897163426 987049334
400000 22484
209735862 164707203 3435400 223744610 259597637 281566495
52665728 30674255 56967217 11565912 14994378 60522606
265891926 594159100 357736816 27045816 542966055 706167653
1 1
0 0 0 0 0 1
0 0 0 0 0 1
0 0 0 0 0 1
