100
5 1
3 1 4 1 5 9
2 7 1 8 2 9
4 8 15 16 23 42
400000 1
0 0 0 0 0 1000000000
999999999 999999999 0 0 999999999 1000000000
18904626 320462646 168608828 198270318 317980806 350221783
319829 1
237872395 475410056 550958663 319049238 508716767 821289347
237872395 475410056 550958663 319049238 508716767 821289347
653 210027 118336 131273 97285 319829
400000 1
650404971 304410992 849353673 691144559 599535111 885053084
650404971 304410992 849353673 691144559 599535111 885053084
302171 386010 175930 399280 138847 400000
400000 1
0 0 0 0 0 1000000000
999999999 999999999 0 0 999999999 1000000000
3908286 2827197 2950534 157084 1772837 4057235
161135 1
110673880 139265717 110774228 58044627 324396737 859204939
89087006 72623277 100618188 86754231 39216658 100649113
210159039 424066725 406587548 525306359 520857214 550184108
400000 1
164326425 223221769 48031815 21917966 94080835 286150178
999999999 999999999 0 0 999999999 1000000000
104151521 362065180 354975360 84989584 213414000 395172641
134245 1
49656912 32140233 75853359 56775224 43698438 89961801
999999999 999999999 0 0 999999999 1000000000
75544001 431428422 308860941 283238060 303743233 731695775
400000 1
516460854 653443626 26655267 79112731 327823832 934532958
516460854 653443626 26655267 79112731 327823832 934532958
398914 126920 258718 195108 190176 400000
400000 1
77636299 20982882 95357620 88310866 116900353 123170147
399626489 102381040 228460827 361889393 196584610 569364301
388621413 419943243 261368026 450533657 176244295 525366156
400000 1
23267290 63070891 33194623 72575235 74990814 99557694
23267290 63070891 33194623 72575235 74990814 99557694
104977 369197 285156 346051 144487 400000
400000 1
9254901 8959874 2234839 2311903 3771930 10607444
999999999 999999999 0 0 999999999 1000000000
36206320 34242091 80103841 79679223 79249883 84418948
400000 1
0 0 0 0 0 1000000000
509975490 626381039 533257980 418153344 692985563 702481109
250182412 286379925 584719225 618243870 425125202 731453499
400000 1
0 0 0 0 0 1000000000
13336520 7012622 20907510 17918323 6058663 53119402
72313918 251841686 49799638 86402404 255473564 255478886
24889 1
58286692 3448520 22485019 42287999 24062943 65335379
999999999 999999999 0 0 999999999 1000000000
94021424 157777742 533978321 562609667 111087083 580009877
400000 1
84734336 199954162 309416596 302108879 86839537 455473312
401198601 333998939 375087790 90095484 377536348 511106475
322856663 150834439 302318807 268009099 63869670 657468683
400000 1
202085258 61461092 206028250 209369377 381228169 704132923
202085258 61461092 206028250 209369377 381228169 704132923
274001 183036 55999 27309 168440 400000
400000 1
113266 86815619 65300857 18087395 74367160 113337730
113266 86815619 65300857 18087395 74367160 113337730
176263 236790 342807 32982 164428 400000
400000 1
97174065 18581734 111311655 111068991 79628108 127075699
553021004 568501452 109250365 481217269 351292089 604136507
552550664 212657406 478888887 293001838 369915249 652093820
400000 1
0 0 0 0 0 1000000000
39894674 330613291 53268081 71723652 295137372 416204329
609984162 219776671 485816935 178825460 461377651 957084472
400000 1
24164073 28151335 8549828 52558932 45301595 56192126
24164073 28151335 8549828 52558932 45301595 56192126
16395 220444 164952 52868 121229 400000
217579 1
155073907 90176235 40597392 102278097 20867165 207294655
153723684 437581254 611961384 633750321 228124958 953928060
154639062 710482394 62419617 704128501 132333189 875480458
400000 1
637705126 359132131 706581284 345416973 361183700 804583035
637705126 359132131 706581284 345416973 361183700 804583035
174075 256531 98357 165817 194732 400000
400000 1
61573438 139128385 11778175 121174963 28101131 174208405
1350506 41683537 78489803 70389265 38770475 85905530
236101162 66459433 119080738 254483005 132064559 498294608
292012 1
47577030 23186590 49381120 36673042 22928502 65232423
214302920 216714737 42280563 258192845 955755 264268093
6466926 20684356 6036343 26221397 27026889 29185159
400000 1
62111693 29677727 27752623 55487481 64757156 80756059
62111693 29677727 27752623 55487481 64757156 80756059
33262 334697 241176 122242 290430 400000
400000 1
20495610 125875831 65014347 74153272 96741082 168281318
20495610 125875831 65014347 74153272 96741082 168281318
43297 271897 21422 234336 184467 400000
400000 1
553129240 343217436 423344050 541544500 705756689 772978659
553129240 343217436 423344050 541544500 705756689 772978659
357780 258001 392237 106622 369869 400000
400000 1
0 0 0 0 0 1000000000
999999999 999999999 0 0 999999999 1000000000
168872564 2155681 346767770 72926989 154280274 438046946
400000 1
284793404 435386549 76155515 344154690 238389908 546526710
284793404 435386549 76155515 344154690 238389908 546526710
215121 176550 190943 34327 260369 400000
47982 1
114585999 82147049 48987572 86882113 47175676 119316916
46543660 721231550 467306861 137765027 537458619 742932051
658673332 406985421 328735762 438508640 719271853 838877006
1 1
0 0 0 0 0 1
0 0 0 0 0 1
0 0 0 0 0 1
292012 1
298552397 350165407 412492657 603895480 100116635 631911465
999999999 999999999 0 0 999999999 1000000000
425012332 866820110 43742796 25198471 408120867 937388660
358345 1
0 0 0 0 0 1000000000
999999999 999999999 0 0 999999999 1000000000
161022629 335551545 276301032 90483984 284595035 381794732
261057 1
155820155 889955539 799595447 602279935 36743547 911222374
305354948 459826684 162719282 103729325 260632474 544415721
535514572 612486159 402070589 474300856 52549494 870444418
400000 1
104894901 248204058 210529828 228987232 217624610 287666354
104894901 248204058 210529828 228987232 217624610 287666354
0 0 0 0 0 1
319829 1
0 0 0 0 0 1000000000
999999999 999999999 0 0 999999999 1000000000
425080651 134928516 228027375 289720031 319564121 431110987
400000 1
82760500 2797960 74279655 117122750 103103162 118896073
82760500 2797960 74279655 117122750 103103162 118896073
250460 161860 224068 20316 248051 400000
134245 1
596100110 349744711 869028934 159584682 745725333 953709498
275310372 351016042 545355369 572822725 326395327 614952565
220221782 507523932 412943116 405789084 27216703 559405748
400000 1
0 0 0 0 0 1000000000
999999999 999999999 0 0 999999999 1000000000
95945974 15368222 48028080 3676121 88535186 139806064
24889 1
118237781 101805872 150076979 296665683 86285667 311948144
118237781 101805872 150076979 296665683 86285667 311948144
24137 24103 331 7664 23664 24889
400000 1
317498479 118745464 491786045 624398845 627556396 627672190
999999999 999999999 0 0 999999999 1000000000
157685913 98523998 133499103 42133146 150131548 232616728
400000 1
0 0 0 0 0 1
999999999 999999999 0 0 999999999 1000000000
0 0 0 0 0 1
400000 1
1534682 4861273 1026096 5330916 3191407 9840168
1534682 4861273 1026096 5330916 3191407 9840168
152121 25628 75098 198256 177652 400000
358345 1
39725837 109910230 18622529 16783527 30932929 111597986
999999999 999999999 0 0 999999999 1000000000
240072466 405687316 266464501 749289563 135627948 830499870
159077 1
338818429 517536740 71870861 361030626 236613350 541201413
548820477 325888953 426067672 144370850 140000188 922643901
154168796 74816210 139217744 76226506 161141318 217908096
134245 1
490621795 346508900 716500872 322000522 700769325 732214547
490621795 346508900 716500872 322000522 700769325 732214547
34157 23759 32063 98576 45015 134245
400000 1
177050791 145724511 45951002 8632966 104771212 206742995
177050791 145724511 45951002 8632966 104771212 206742995
32391 110320 146432 129023 339451 400000
400000 1
324939111 62412472 599398094 289320749 141864676 663815316
324939111 62412472 599398094 289320749 141864676 663815316
133398 108496 306363 334312 232257 400000
400000 1
0 0 0 0 0 1000000000
243174936 289256419 86951024 381254127 318532195 886902195
354745806 663698376 94540812 104833520 19188936 735288258
400000 1
137471922 60685042 76441707 87604711 22263155 138570599
137471922 60685042 76441707 87604711 22263155 138570599
175130 153644 149289 109898 389105 400000
400000 1
458241180 598391790 105486025 47565807 784732427 922109070
458241180 598391790 105486025 47565807 784732427 922109070
263555 368981 363248 299517 308916 400000
364168 1
16019992 10804421 32294421 2174502 55276204 60674702
493734069 568465660 327609878 562431636 240537565 591302260
462848857 411902753 267835938 251736770 487015571 612978691
400000 1
69090547 239353570 29479718 119620185 15592029 297787268
69090547 239353570 29479718 119620185 15592029 297787268
196459 217111 223454 178755 242172 400000
159077 1
0 0 0 0 0 1000000000
999999999 999999999 0 0 999999999 1000000000
335187164 280658378 447240659 838837167 1399078 861969478
242191 1
68944204 68076532 28769932 81570826 85665452 94621759
767815786 524278628 141367525 163484953 725307985 823380439
887875961 119432325 543507047 293608290 620573128 897862283
1 1
0 0 0 0 0 1
0 0 0 0 0 1
999999999 999999999 0 0 999999999 1000000000
400000 1
433914578 96491931 185013146 409426517 497297283 553441295
999999999 999999999 0 0 999999999 1000000000
165681659 121232722 175766199 239997350 265469122 267198872
400000 1
245029757 63673366 208184387 71531555 56819086 344030874
245029757 63673366 208184387 71531555 56819086 344030874
142601 317833 219788 396510 129648 400000
358345 1
298670845 251243322 252211333 323567825 283595848 350484624
328625064 316898205 493404869 541968848 16655045 861450641
112010771 67335528 217972007 280324279 456610827 778574109
400000 1
468459542 81419151 544607351 773261779 212758670 787040855
468459542 81419151 544607351 773261779 212758670 787040855
23933 38449 166562 208145 235647 400000
159077 1
160287735 219743974 134966785 19814405 23628779 395809884
160287735 219743974 134966785 19814405 23628779 395809884
39232 123871 30880 24554 52837 159077
134245 1
0 0 0 0 0 1000000000
123142323 436227435 331665514 54718930 402207416 460286876
227969223 113114679 100627674 23995964 65449946 434221210
319829 1
254271577 181573845 113595712 113695959 199589600 309601017
6432748 13406643 11753896 4318504 7434455 49231379
704182612 435820495 471438816 319235418 727554481 759176027
319829 1
340442369 398170186 283615900 259616192 21543506 540374608
999999999 999999999 0 0 999999999 1000000000
81848828 442057760 401514293 401033972 518657005 770745791
159077 1
359769557 354416382 244814157 265062599 223373084 380555343
999999999 999999999 0 0 999999999 1000000000
98115887 133322949 211421315 54885036 137058256 243812591
319829 1
0 0 0 0 0 1000000000
444275148 136308096 14657669 157449714 541106366 744044605
781244769 173716897 183765631 594561436 7034754 783837743
159077 1
0 0 0 0 0 1000000000
3792671 160991192 152972736 135053750 18975104 192208637
148863658 105675781 25995227 7711820 619271376 824030209
292012 1
0 0 0 0 0 1000000000
999999999 999999999 0 0 999999999 1000000000
26734820 250699120 388062811 656635717 334725762 714628283
400000 1
613360557 522615873 345618073 327660959 471017495 621959303
613360557 522615873 345618073 327660959 471017495 621959303
164347 191605 114475 157140 381936 400000
358345 1
416866278 352316418 404770280 384835780 259888583 457930681
416866278 352316418 404770280 384835780 259888583 457930681
169674 193752 113387 48148 280406 358345
400000 1
860955797 572744498 633344198 717414077 746957495 899250628
860955797 572744498 633344198 717414077 746957495 899250628
280719 379241 68963 25968 326011 400000
400000 1
0 0 0 0 0 1000000000
27883015 38854962 39223669 92551283 10515753 119079876
36450766 70151972 199151406 670144936 211123086 689286557
400000 1
437999707 360743667 95498665 410498470 629355979 727268366
999999999 999999999 0 0 999999999 1000000000
554434477 78714474 400414803 552540620 882004881 885961517
24889 1
0 0 0 0 0 1000000000
164406426 253509470 319153842 154855167 176650104 343552555
316606029 317633187 328965316 97385760 221283817 387804994
129585 1
23043322 93719034 66784979 7428420 39687076 96146476
323465829 57998661 146011461 166188416 240958298 399093507
30846468 111268076 142182144 163862907 279852405 297677217
292012 1
0 0 0 0 0 1000000000
191751579 1639989 53416773 200389791 231340371 251462540
140343562 239589484 407471240 144791684 355069526 410478418
400000 1
343655007 475462433 535065344 273189242 573625487 606890326
343655007 475462433 535065344 273189242 573625487 606890326
42903 176760 163413 341714 91100 400000
400000 1
86332190 221464394 306283387 10589237 340396514 431324063
86332190 221464394 306283387 10589237 340396514 431324063
229004 126910 15246 298244 297848 400000
400000 1
0 0 0 0 0 1000000000
999999999 999999999 0 0 999999999 1000000000
281414155 667588342 312261546 2702836 608911676 925557155
400000 1
334791591 522310802 451000088 434251180 600605504 954517698
334791591 522310802 451000088 434251180 600605504 954517698
204396 23542 257151 210550 227829 400000
134245 1
0 0 0 0 0 1000000000
999999999 999999999 0 0 999999999 1000000000
732377226 88179869 262245044 226166131 11204465 823704714
400000 1
0 0 0 0 0 1000000000
999999999 999999999 0 0 999999999 1000000000
449904661 629247556 436843400 422388300 259182167 657662694
400000 1
230031077 537532227 814410595 687779495 24236057 866518668
230031077 537532227 814410595 687779495 24236057 866518668
87124 384219 170865 252514 128798 400000
292012 1
317596962 413829316 262217136 429037206 530440140 781476041
317596962 413829316 262217136 429037206 530440140 781476041
287260 239874 184057 143747 58134 292012
400000 1
466214828 378568633 303616821 303706109 357813966 830710170
466214828 378568633 303616821 303706109 357813966 830710170
210105 7679 100491 262522 158278 400000
400000 1
0 0 0 0 0 1000000000
125648490 300377624 323044632 201069837 282212748 581261841
171745351 332878346 227038339 486466631 1264464 534349908
400000 1
257920515 569373051 127991602 29932710 557907283 603545211
999999999 999999999 0 0 999999999 1000000000
59022784 221344409 388024458 258192883 71044027 560258110
400000 1
125037303 12099530 225871723 184237624 61743510 270392520
125037303 12099530 225871723 184237624 61743510 270392520
235066 104138 172939 54942 150048 400000
95319 1
526648 161892 2088465 6931727 1298736 7270683
164291263 369297740 447997191 630108693 809280058 836509411
119572885 38833772 79427582 96015269 63573677 119842268
400000 1
470912832 459559078 720804102 296514682 377882861 724818410
470912832 459559078 720804102 296514682 377882861 724818410
305102 4711 240641 143899 315808 400000
380770 1
540932556 66080028 194156452 579635396 530144388 629154993
260278258 157427714 412747083 118961260 213368789 431963929
334671473 588229151 340906242 372109036 121561623 652572670
400000 1
260537211 282035821 399734852 82771428 455876632 496518836
260537211 282035821 399734852 82771428 455876632 496518836
77944 386378 5356 226350 179282 400000
68376 1
69139029 440782528 424876241 10927073 303802969 554288682
776117799 885759264 563151634 369563294 604877729 902799162
229335741 473011200 189173924 121300820 87949892 541264393
400000 1
282845434 219001695 72913389 57856409 125129554 290409384
35450475 50184640 227595111 182060878 176134710 270077162
301025959 39577969 436562842 727252996 224949295 921727302
24889 1
0 0 0 0 0 1000000000
999999999 999999999 0 0 999999999 1000000000
154979144 562034324 264248494 400681407 511698112 609816446
24889 1
570620408 176575406 100621309 720377671 55273999 793859181
3471462 7674424 779173 4847959 4662282 10646244
476799430 824117167 130790409 215126269 78076319 902532061
358345 1
0 0 0 0 0 1000000000
144255514 141980954 73095329 176759275 156451922 203981891
27231191 174233 8005396 14511535 21231518 27315050
400000 1
111136348 258491102 168248584 532225530 540907661 585546431
111136348 258491102 168248584 532225530 540907661 585546431
324570 269651 36721 128193 207552 400000
400000 1
388349446 85376737 299137370 52428779 454390055 481081768
312123869 422133483 344922502 76750824 706069952 879936542
483391076 431373078 329039747 514567384 75052604 517259821
